[-1,
 22656,
 29407,
 157882,
 34397,
 23354,
 17034,
 20862,
 115145,
 187606,
 1583,
 61974,
 13302,
 19068,
 69083,
 37213,
 13249,
 6309,
 14860,
 57695,
 118068,
 203907,
 23283,
 95810,
 15168,
 139985,
 179910,
 12950,
 65358,
 70604,
 139459,
 571407,
 27535,
 76337,
 893,
 31671,
 413501,
 53114,
 505088,
 3043,
 10661,
 18936,
 157247,
 34088,
 36305,
 218196,
 16076,
 55159,
 60761,
 476,
 105929,
 182668,
 129570,
 103167,
 21234,
 17516,
 224671,
 18393,
 47773,
 479863,
 16883,
 138475,
 73226,
 135152,
 104349,
 50079,
 285587,
 84651,
 131527,
 139010,
 207421,
 298661,
 5987,
 298479,
 596781,
 816620,
 148870,
 12711,
 18771,
 230513,
 102937,
 227665,
 166749,
 367273,
 9034,
 98713,
 315935,
 53897,
 541091,
 276052,
 34211,
 28169,
 1968,
 335858,
 50552,
 367456,
 113716,
 12579,
 106224,
 70393]